%YAML:1.0
---
Point1x: 2.5027293395996094e+02
Point1y: 2.3336260986328125e+02
Point2x: 3.2214184570312500e+02
Point2y: 1.7924954223632813e+02
Point3x: 2.0715158081054688e+02
Point3y: 1.6741230773925781e+02
