%YAML:1.0
---
angle: -1.6578062057495117e+01
angle: -6.6008995056152344e+01
angle: 9.8997177124023438e+01
angle: -9.1274169921875000e+01
angle: -9.2590835571289063e+01
angle: 4.3623402714729309e-02
