%YAML:1.0
---
Scale: -107374176.
