%YAML:1.0
---
location1x: 2.6718325805664063e+02
location1y: -2.3928121948242188e+02
location1z: 2.9303497833550046e-14
